<<<<<<< HEAD
15 14 0 13 14
0 0 0 1 1 0 1 0 1 0 1 1 0 1 
1 0 1 0 1 0 0 1 1 1 1 1 0 0 1 
1 0 1 0 0 1 0 1 1 1 1 0 1 0 
1 1 0 0 0 1 1 0 0 0 1 1 0 1 1 
0 0 0 0 1 0 0 1 0 0 0 0 1 0 
1 0 0 0 1 0 1 1 0 0 0 1 1 1 1 
0 1 1 1 1 1 1 0 0 1 1 1 1 0 
0 1 1 1 1 0 1 1 0 1 0 1 0 0 0 
0 1 1 1 0 1 0 1 1 1 0 0 0 0 
0 0 0 0 1 0 0 1 1 0 1 1 0 1 0 
0 0 0 0 0 1 0 0 0 1 0 1 1 0 
0 1 1 0 0 1 0 0 0 0 0 1 0 1 0 
0 1 1 0 1 0 1 0 0 1 0 1 0 1 
0 0 1 0 0 1 0 1 0 0 1 0 1 1 1 
1 1 0 0 0 0 0 0 1 1 0 0 0 1 
1 0 0 0 0 1 0 1 1 1 0 1 0 0 1 
1 0 1 1 1 1 0 1 0 1 1 0 1 1 
1 0 0 0 1 1 1 0 1 1 0 1 1 1 1 
0 0 0 0 1 1 0 0 1 0 0 0 0 0 
0 1 0 1 1 1 0 1 0 1 0 0 1 0 1 
1 0 0 0 0 0 0 1 1 0 1 1 0 0 
1 0 0 0 1 1 0 0 1 1 0 1 0 1 1 
1 0 0 0 0 1 1 1 0 0 0 1 1 0 
0 0 1 1 0 0 1 1 1 0 0 0 0 1 1 
1 1 1 0 1 1 1 0 1 1 1 0 0 0 
1 1 1 1 0 1 0 1 0 1 1 0 0 1 1 
0 1 1 1 0 0 1 0 1 0 0 1 1 1 
0 1 0 1 0 0 1 0 0 1 1 0 0 0 0 
0 0 1 0 1 1 1 0 1 1 1 0 0 1 
=======
5 4 0 0 4
1 0 0 1 
0 1 1 0 0 
1 1 1 1 
1 1 1 1 0 
1 0 0 1 
0 1 0 0 1 
0 1 1 0 
0 0 0 0 0 
0 0 0 0 
>>>>>>> branch 'master' of https://github.com/nicholas1029/MazeEscape.git
